测试命令
目前没有去校验 地址和FCS
//中断,主动上报的报警 07 02 是湿度 01 是数值 我定义是100是报警上限,都可以修改测试
比如 04 02 01 人体报警 
FE 07 69 80 5B 16 00 03 07 02 01 A7 
--stc 回应 FE 08 29 00 02 5B 16 00 02 07 01 00 08 

查询 新节点 FE 07 29 00 02 00 00 00 01 00 15 38--ok
--stc 发    FE 07 29 00 02 00 00 00 01 00 15 07 
没有节点的反馈 --发给STC
FE 01 69 00 00 68 FE 1D 69 80 00 00 80 01 00 00 15 00 F0 
有一个节点反馈
FE 01 69 00 00 68 FE 1F 69 80 00 00 80 01 00 15 01 5B 16 90  //地址 01 5B
有两个节点反馈
FE 01 69 00 00 68 FE 21 69 80 00 00 80 01 00 15 02 90 39 AC 11 F4  地址 90 39 & AC 11

--stc 发FE 07 29 00 02 90 39 00 01 00 05 07 
查询节点类型反馈
FE 01 69 00 00 68 FE 1D 69 80 5B 16 80 01 00 05 04 00  7B //人体传感器


--stc 发
E 09 29 00 02 AC 11 00 01 04 01 04 02 09
查询人体传感器的状态  0402 ,01 是报警了
FE 01 69 00 00 68 FE 07 69 80 5B 16 00 03 04 02 01 A7 


下面是1个灯节点的操作过程：
1)上电后JAVA 给协调器发：
   FE 0F 29 00 02 00 00 00 01 00 01 00 02 00 05 00 14 00 15 22 00
2)协调器回发下面的指令应用程序收到后表示找到协调器：
  FE 01 69 00 00 68 FE 1D 69 80 00 00 80 01 00 00 01 12 09 00 02 11 44 00 05 00 00 14 00 12 4B 00 01 7A F6 18 00 15 00 F0 
3）JAVA收索节点的指令是：
   FE 0F 29 00 02 00 00 00 01 00 01 00 02 00 05 00 14 00 15 22 
4）协调器返回：
FE 01 69 00 00 68 
FE 1F 69 80 00 00 80 01 00 00 01 12 09 00 02 11 44 00 05 00 00 14 00 12 4B 00 01 7A F6 18 00 15 01 6D F0 6E
5）JAVE 发：
FE 0F 29 00 02 6D F0 00 01 00 01 00 02 00 05 00 14 00 15 BF 
6）协调器回：
FE 01 69 00 00 68 
FE 1D 69 80 6D F0 80 01 00 00 01 11 33 00 02 22 44 00 05 02 00 14 00 12 4B 00 02 98 2A 13 00 15 00 53
上面几步已经找到了节点

7）进入点灯的节点JAVA 发：
FE 09 29 00 02 6D F0 00 01 02 01 02 02 BD 
8）协调器回：
FE 01 69 00 00 68 
FE 0B 69 80 6D F0 80 01 00 02 01 00 02 02 00 FD 


9）JAVA 按“开启”发：
FE 08 29 00 02 6D F0 00 02 02 02 01 BD 
协调器控制继电器回：
FE 01 69 00 00 68 FE 05 69 80 6D F0 80 02 00 F3 FE 0A 69 80 6D F0 00 03 02 02 01 02 01 01 7E

这个时候JAVE应用灯亮了
再按"开启"发：
FE 09 29 00 02 6D F0 00 01 02 01 02 02 BD
协调器回：
FE 01 69 00 00 68 FE 05 69 80 6D F0 80 02 00 F3



10）“反转”灯的节点JAVA发：
FE 08 29 00 02 6D F0 00 02 02 02 02 BE 
协调器回：
FE 01 69 00 00 68 FE 05 69 80 6D F0 80 02 00 F3 FE 0A 69 80 6D F0 00 03 02 02 01 02 01 01 7E
在发：
FE 08 29 00 02 6D F0 00 02 02 02 02 BE
协调器回：
FE 01 69 00 00 68 FE 05 69 80 6D F0 80 02 00 F3 FE 0A 69 80 6D F0 00 03 02 02 01 02 01 00 7E



11）“关闭”灯的节点JAVA发：
FE 08 29 00 02 6D F0 00 02 02 02 00 BC
协调器回：
FE 01 69 00 00 68 FE 05 69 80 6D F0 80 02 00 F3 FE 0A 69 80 6D F0 00 03 02 02 00 02 01 00 7E
在发：
FE 08 29 00 02 6D F0 00 02 02 02 00 BC
协调器回：
FE 01 69 00 00 68 FE 05 69 80 6D F0 80 02 00 F3



开机:
FE 06 41 80 01 02 02 04 00 c2 

apk
FE 0F 29 00 02 00 00 00 01 00 01 00 02 00 05 00 14 00 15 22


1个 device 开机

2个多个开机

开机后 新加device

1个主动上报

2个device 主动上报


开机


人体开机自动发送

FE 07 69 80 83 43 00 03 04 02 01 2A
 FE 07 69 80 83 43 00 03 04 02 00 2B 
 a->z FE 0F 29 00 02 00 00 00 01 00 01 00 02 00 05 00 14 00 15 22
z-a 
FE 01 69 00 00 68 
FE 1F 69 80 00 00 80 01 00 00 01 12 09 00 02 11 44 00 05 00 00 14 00 12 4B 00 01 7A F6 36 00 15 01 83 43 1D 

 a->z 查询
  FE 0F 29 00 02 00 00 00 01 00 01 00 02 00 05 00 14 00 15 22
没有节点反馈
z-a
FE 01 69 00 00 68 FE 1D 69 80 00 00 80 01 00 00 01 12 09 00 02 11 44 00 05 00 00 14 00 12 4B 00 01 7A F6 36 00 15 00 DE 
有节点反馈
z->a
FE 01 69 00 00 68 FE 1F 69 80 00 00 80 01 00 00 01 12 09 00 02 11 44 00 05 00 00 14 00 12 4B 00 01 7A F6 36 00 15 01 5B 16 90 
a->z  -查询 节点信息 软件/硬件 节点类型
FE 0F 29 00 02 5B 16 00 01 00 01 00 02 00 05 00 14 00 15 6F
z->a 反馈
FE 01 69 00 00 68 FE 1D 69 80 5B 16 80 01 00 00 01 11 33 00 02 22 44 00 05 04 00 14 00 12 4B 00 02 98 28 EF 00 15 00 7B 
a->z ---查询 节点状态
FE 09 29 00 02 5B 16 00 01 04 01 04 02 6D
z->a 反馈 节点状态
FE 07 69 80 5B 16 00 03 04 02 01 A7 --报警数据 不是查询的反馈
FE 01 69 00 00 68 
FE 0B 69 80 5B 16 80 01 00 04 01 01 04 02 01 2D

主动报警 --不断报警
FE 07 69 80 5B 16 00 03 04 02 01 A7 
FE 07 69 80 5B 16 00 03 04 02 00 A6 
FE 07 69 80 5B 16 00 03 04 02 01 A7 
FE 07 69 80 5B 16 00 03 04 02 00 A6 





温度湿度传感器--
开机自动发送
---五

 a->z 查询
  FE 0F 29 00 02 00 00 00 01 00 01 00 02 00 05 00 14 00 15 22
没有节点反馈
z-a
FE 01 69 00 00 68 FE 1D 69 80 00 00 80 01 00 00 01 12 09 00 02 11 44 00 05 00 00 14 00 12 4B 00 01 7A F6 36 00 15 00 DE 
有节点反馈
z->a
FE 01 69 00 00 68 FE 1F 69 80 00 00 80 01 00 00 01 12 09 00 02 11 44 00 05 00 00 14 00 12 4B 00 01 7A F6 36 00 15 01 F4 0C 25 

a->z  -查询 节点信息 软件/硬件 节点类型
FE 0F 29 00 02 F4 0C 00 01 00 01 00 02 00 05 00 14 00 15 DA
z->a 反馈
FE 01 69 00 00 68 
FE 1D 69 80 F4 0C 80 01 00 00 01 11 33 00 02 22 44 00 05 01 00 14 00 12 4B 00 01 CD 36 12 00 15 00 7E 

a->z ---查询 节点状态
FE 08 29 00 02 F4 0C 00 02 01 02 03 D9 
z->a 反馈 节点状态
FE 01 69 00 00 68 FE 05 69 80 F4 0C 80 02 00 96

主动报警 --不断报警
FE 07 69 80 F4 0C 00 03 01 01 1D 08 
FE 07 69 80 F4 0C 00 03 01 01 1D 08
 FE 07 69 80 F4 0C 00 03 01 01 1D 08 




两个 传感器--
开机自动发送
FE 07 69 80 AC 11 00 03 04 02 01 57

 a->z 查询
  FE 0F 29 00 02 00 00 00 01 00 01 00 02 00 05 00 14 00 15 22
没有节点反馈
z-a

有节点反馈
z->a
FE 01 69 00 00 68 FE 21 69 80 00 00 80 01 00 00 01 12 09 00 02 11 44 00 05 00 00 14 00 12 4B 00 01 7A F6 36 00 15 02 90 39 AC 11 F4 

a->z  -查询 节点信息 软件/硬件 节点类型

z->a 反馈

a->z ---查询 节点状态

z->a 反馈 节点状态


主动报警 --不断报警

禁用报警
FE 08 29 00 02 AC 11 00 02 04 01 00 99
FE 09 29 00 02 5B 16 00 01 04 01 04 02 6D
